instance_id
530
1280
621
676
635
889
829
1368
816
976
151
1033
861
1146
1400
1123
966
300
2
286
788
1266
285
533
447
733
202
1067
194
82
127
1232
418
206
1131
647
1444
191
589
643
832
915
559
1427
371
525
413
1221
645
1048
859
996
430
1098
1416
334
1236
1433
510
1239
1127
1443
1410
1017
42
789
798
1069
1451
1415
1314
793
1466
534
543
488
89
357
1064
705
274
1434
146
333
683
326
1199
395
317
256
1295
519
1341
169
919
1292
671
984
69
1428
369
1481
1049
362
165
312
935
675
638
168
970
30
343
575
270
714
439
774
810
456
1461
770
56
618
1220
541
979
190
1275
408
316
912
830
887
1208
517
1068
1150
230
345
1340
243
721
907
86
924
1290
1032
670
805
570
1006
550
858
211
1464
329
1384
1162
440
1157
822
813
160
341
505
377
1163
631
85
1258
674
751
21
876
865
186
74
399
420
1456
1200
743
763
1399
465
1009
454
686
787
138
416
960
331
916
1118
524
557
356
279
1056
1000
1172
1318
1391
229
715
1014
1361
247
199
1026
29
808
260
1114
301
698
728
170
668
1246
340
892
586
776
1398
494
739
1186
161
555
1148
1080
1413
219
1093
775
1330
1205
1249
1078
897
276
164
1087
768
665
1242
304
1231
124
1244
37
337
0
717
1411
669
26
351
368
123
1100
749
1267
180
626
292
834
651
46
347
147
1320
1497
823
560
358
1425
784
163
1111
998
442
1051
1334
972
746
498
902
1353
571
16
1407
1084
515
662
468
1437
632
251
302
11
365
1192
1396
35
370
411
62
1371
1234
827
825
554
1237
66
1364
987
401
471
1301
272
137
493
171
1054
1147
950
509
1305
600
1381
189
538
1414
23
1085
482
242
1213
22
605
1255
540
875
1241
390
772
719
866
883
338
811
80
886
521
382
1355
353
700
799
60
780
1462
210
959
17
278
672
1317
121
205
561
1307
591
407
1286
1193
767
1388
158
927
1202
797
1269
765
879
232
1498
761
1303
885
584
336
1281
1036
649
1183
1225
913
1227
917
1499
1243
853
785
7
1215
974
1377
753
1390
1298
1277
977
376
1477
1122
1138
710
1392
837
794
786
469
438
1209
268
1057
1169
299
1044
777
148
1348
204
481
1306
931
303
1422
323
871
1483
157
184
1110
872
985
388
1060
673
633
1408
604
622
119
1299
87
747
703
841
1061
529
426
1326
122
1094
185
697
118
1347
1106
932
451
391
400
406
874
1188
838
1424
828
58
233
269
1374
167
294
77
1405
144
518
346
783
869
1257
1401
59
802
461
483
1442
97
383
812
1441
1178
1393
720
384
1287
1473
978
1144
539
1040
108
500
1207
100
1426
258
263
693
573
596
1103
141
244
884
76
1338
1071
564
238
854
224
352
544
1319
1074
443
1240
1197
275
623
1487
448
574
1135
321
1104
1308
1323
1010
552
965
1113
444
1402
848
852
1011
678
1092
1164
281
223
106
958
1247
899
975
15
1075
582
1082
692
1077
1278
1203
609
1293
741
156
1039
236
9
214
360
666
72
1034
1191
1008
681
1137
422
51
389
1233
951
335
1038
507
831
1161
1294
159
608
873
615
109
1268
864
139
1196
1055
14
1395
1359
843
491
1204
1101
1376
73
891
1324
716
1329
177
1022
644
997
1366
332
809
616
730
380
639
1332
1212
595
619
265
990
545
309
712
101
262
289
175
479
801
729
640
266
75
625
226
988
105
40
1181
1325
33
1262
364
1124
585
818
253
90
212
1253
1328
84
1394
1143
1336
1288
870
508
713
43
102
1126
24
350
39
254
1088
241
128
755
1265
149
1083
1238
752
1105
215
459
1170
1140
646
910
558
1385
597
634
821
742
718
989
1159
1302
1458
134
1449
1254
549
425
920
602
1351
92
318
688
257
342
1115
5
627
1285
225
477
1260
548
791
677
581
1004
612
824
580
1445
1019
64
34
1375
642
355
895
800
1117
845
1108
792
1095
790
381
532
220
804
896
542
1467
446
436
1184
572
297
1052
1066
867
611
398
1316
239
1430
1480
216
795
152
1495
587
8
178
1003
501
535
306
231
1149
1289
1365
1270
689
944
1421
1007
607
166
277
1486
1259
192
259
905
140
637
766
1354
1035
132
50
901
1397
1041
1363
1025
280
954
526
67
245
324
112
248
731
107
1386
981
145
1132
267
504
1493
1362
696
969
374
620
1432
537
1335
359
32
1420
928
103
506
745
449
1472
83
764
53
198
196
195
936
478
1263
1182
1177
47
707
599
99
1013
1219
1403
18
322
750
410
1378
1273
1125
983
957
1482
1457
955
522
1256
1291
1389
246
433
1490
339
527
667
1373
929
1284
1158
914
1133
290
1274
495
207
536
1012
1096
815
1097
1300
943
1345
531
1283
1174
434
962
1002
295
754
933
320
1153
1460
890
803
1485
222
57
699
489
694
1264
1380
142
470
740
680
528
1031
1081
65
1476
1459
499
68
1166
1350
656
846
237
569
70
851
1046
682
1271
1279
373
726
1185
1436
227
1488
492
659
1252
378
630
1190
52
404
583
114
857
973
942
71
588
201
711
502
628
394
553
213
1419
27
708
903
4
900
431
421
115
701
1018
723
319
1
1312
455
349
1214
606
925
918
882
946
1102
31
994
6
702
110
1321
453
660
1494
842
1001
546
844
136
182
445
428
228
1175
1121
1119
1454
949
578
104
366
610
361
1217
415
938
1151
