instance_id
3104
2888
3646
3210
412
2181
837
388
3274
3458
601
1933
3681
1658
2389
1352
1295
404
2801
2465
2067
2532
2623
3318
165
894
302
2502
1154
1449
1270
3399
2263
2094
1778
1466
572
1990
570
3600
2632
3049
763
1742
339
1507
1915
411
1572
2412
854
502
2620
1285
1896
3176
1411
1268
670
1562
3606
1117
2581
910
2575
1160
1937
2642
1037
2435
2101
1893
940
2940
3126
3302
3394
1898
1366
1435
2178
2983
351
106
2489
102
1718
1281
192
1655
1051
2475
1186
3365
2432
699
977
2408
1273
3311
3004
141
1316
2497
97
256
3621
479
3387
2296
953
270
2694
2289
3616
1739
3571
1241
2247
229
1832
2088
2717
1016
3227
2158
31
391
3287
2520
958
3668
1801
3198
1106
805
2251
1222
2811
1703
1589
754
3532
1243
1884
2471
3217
2356
281
1041
2376
1789
2817
1464
232
3460
1796
1576
2498
2139
1637
2212
484
925
1409
1671
1332
2636
3053
883
1279
3529
1118
2651
952
862
3084
419
678
722
3015
1867
3530
107
2331
2558
1975
2055
3182
2659
2205
3396
1005
3635
2731
1341
3334
2141
3135
1603
3561
2807
1861
2365
3544
2951
3265
3463
2010
1712
2400
3619
3143
3474
54
321
554
3078
1945
1696
1090
2756
3390
3232
738
2426
303
3346
183
2705
375
1908
45
970
1255
3214
2073
1987
1684
280
1153
2660
2152
1825
2593
1400
2499
116
595
422
2167
3449
3218
2984
2725
125
2637
2858
2297
53
2870
2262
2674
3261
703
1714
3304
433
238
3222
1753
3007
3694
1033
1924
2543
1426
18
2270
2258
537
1393
212
1438
1342
520
3276
2664
2146
2744
2387
1357
2654
2837
1736
2515
3586
3480
1425
3067
581
1388
3601
3592
1855
2589
1883
3057
735
1804
2835
215
2845
65
1462
2977
3125
1450
1966
1817
938
254
3199
3626
2355
1768
887
3710
3711
2580
1871
1300
3226
954
1872
1670
1225
774
1777
2663
406
426
3401
69
357
766
2393
1071
334
1680
1481
123
312
637
613
3021
3496
2294
2225
1715
1017
269
3075
446
2583
2492
3255
1453
3629
816
1542
56
2089
2578
1741
1155
857
291
2064
2826
562
3140
58
3237
965
3181
676
2911
506
205
272
1264
1378
3368
2995
1764
432
1305
2676
417
2880
2549
3686
1569
366
1849
1961
95
1066
2812
3031
2794
555
1719
1276
3035
1688
1102
3661
2295
775
817
3100
1738
2191
340
2110
743
383
552
1839
2959
679
2833
3093
3166
3195
3000
2244
3623
1520
709
2363
2510
1538
1812
2169
1469
960
3565
1176
3498
3578
607
1870
568
2667
741
273
2083
524
2454
3239
3667
3025
1329
1322
2259
358
3156
2290
3705
914
565
268
39
1619
712
3264
3282
3580
3678
443
869
3424
19
964
3052
2332
2198
1463
3384
813
1820
2949
471
2902
2971
1580
2997
521
2164
3370
2469
2566
2727
2173
327
698
1840
3471
3531
682
3549
519
1860
322
2425
672
3172
1093
656
1524
1993
3290
2129
3669
3640
1962
409
2369
2226
3375
311
1517
2955
1691
336
1756
528
1686
3645
3439
3029
891
350
3610
265
1986
2897
2943
410
998
1216
2707
864
2579
971
2926
1315
1609
937
1284
922
2232
2404
346
2665
55
2527
2950
3191
1355
1664
2392
2714
3087
325
1035
2044
666
2056
633
2236
2413
249
2741
818
3526
1954
3466
373
1059
3231
3364
3023
1794
3236
2822
3643
73
3410
1023
90
2796
1027
2605
798
2890
3082
2974
1769
380
1902
2607
1549
2747
969
921
1227
1645
1935
2011
3175
332
3484
1585
2604
1554
1018
3564
288
1308
893
2337
3517
2458
947
2874
661
1803
628
1165
1335
1575
2936
67
2386
2061
2087
737
2323
526
1765
2878
1084
250
489
3569
1891
949
2175
3347
3280
2360
3160
1334
1642
1666
1215
1138
1134
2507
1799
2891
2108
2980
3360
1886
2521
2703
1183
3272
2160
942
2123
3262
2336
505
3707
3647
3487
1407
1672
2135
3622
1297
2285
3550
1412
1534
3017
52
2442
2396
82
821
2032
2111
2029
13
2766
880
1129
533
2942
1904
1468
551
71
2947
2683
3416
1195
1911
1057
2545
452
1701
3324
3247
2007
354
1478
87
1854
331
3657
43
1522
501
2587
1280
2783
3099
1302
85
1108
2563
2424
3033
2544
1311
2311
3527
1272
1077
717
3060
1705
3465
3403
1621
2753
903
1687
1974
707
425
1791
2361
64
852
996
2165
2113
832
394
3378
3612
602
793
2300
1379
32
1912
2429
730
1910
2901
1836
3608
1857
3432
509
2834
1137
2999
529
2273
1964
275
139
1278
2716
2561
753
2825
499
2791
390
3139
3630
668
648
924
2065
3275
634
3614
3137
1668
2595
77
3420
387
2417
3130
240
3388
1567
1343
2868
337
3307
2090
2829
2395
500
2266
1232
2941
317
2889
1028
3177
1629
1537
932
1612
2786
2372
1788
496
3552
3300
2503
2281
3092
3185
3344
773
3450
935
1863
2572
2440
2755
3476
2679
1725
2915
578
714
378
3315
2758
2375
1014
3609
72
1959
42
1223
1480
3519
79
83
1563
884
592
1558
276
1940
1747
759
3675
3201
2312
3090
1389
131
2437
627
1010
1797
2397
1922
2190
1525
225
797
3190
824
2309
1387
2746
1291
513
459
3558
614
2470
3005
750
600
2790
353
2591
1889
2501
74
3525
1895
3494
510
1521
756
1377
3664
580
2655
2183
356
3234
994
1690
3538
2494
1536
2961
868
642
3478
2992
2789
2847
424
979
1000
2511
1540
3395
2420
1258
3560
226
370
846
2109
584
2836
3431
2599
365
1384
2144
3107
289
589
2506
3026
1323
3604
517
2223
733
920
758
1395
395
2956
283
359
1757
2745
3405
2228
2335
1852
1007
2557
1236
3306
2179
2438
3479
888
1346
3392
1913
2216
1180
556
1239
2138
2082
875
2434
1648
3037
251
721
2159
1643
1440
495
2631
3041
3362
296
1212
663
1758
2381
1560
2227
585
1045
4
3085
1104
658
252
3491
1283
1324
1492
1405
78
3058
3203
3440
3402
851
2677
1293
3467
3366
3572
1484
1203
1470
22
2843
2760
2535
2906
1991
1853
2161
2153
1694
223
2633
1119
1653
2810
2634
3141
873
2780
1866
3040
2970
1446
2394
1793
1713
1535
2603
181
1099
2480
3714
2598
1123
2645
1320
531
892
3317
1633
2482
1052
2464
3127
2733
1179
3188
2351
1482
2565
2303
2410
990
1679
2831
2522
1906
2255
2613
2966
2908
3702
2182
207
2693
674
3376
3445
1847
364
2819
564
849
3537
2601
191
287
3209
3158
943
194
1874
856
2495
2345
2039
3680
3703
1656
2197
35
105
1663
1479
2208
11
2466
2618
2912
2200
2574
1008
2848
539
176
2350
669
3189
2948
3562
660
833
1601
1647
1196
2306
1349
3291
3066
993
2954
421
675
3048
3230
37
1353
724
967
2117
347
2775
3219
1115
2573
889
1556
1447
2761
1139
3348
3464
2500
1187
687
731
2809
1880
2119
1415
736
3295
895
1256
112
2900
1676
1150
746
1177
2461
3417
149
17
2316
1351
180
2960
485
124
172
3430
167
695
1330
1424
1237
14
1306
2024
3068
732
1873
801
1814
1926
2797
2078
770
3638
2861
1250
1427
1172
794
3055
739
3540
1816
3258
221
1390
3407
1259
1683
780
1624
890
2612
548
3436
1338
206
3434
1101
3551
2569
1336
2488
3607
2180
2334
1689
1105
3624
1502
3655
3269
1368
2818
277
3369
616
654
2841
2284
2203
3404
830
2014
904
1998
3587
3523
3543
171
3259
355
963
2185
1807
3701
649
2098
127
1828
3406
911
2013
836
483
789
142
338
1097
844
1460
2844
1511
3298
3354
1092
1286
492
1731
995
2329
3012
744
1951
815
1013
335
386
1034
3245
1878
1321
3697
1260
2713
1602
2368
80
632
2923
2310
368
1779
2002
1271
2422
462
784
1313
1437
3301
3145
248
3631
3597
2586
3356
133
1732
1490
1546
1158
1024
3094
3070
1211
683
3241
482
2944
1526
44
3651
2702
209
111
1020
1882
3204
1048
1620
2455
975
2571
218
1593
3650
1640
1375
1627
907
2972
309
92
1087
182
1304
823
3415
2695
3682
2287
2283
1019
2468
442
855
1456
2449
3590
2768
872
2353
3211
916
3457
379
2730
2723
1473
3154
999
1678
1660
3511
2719
807
3533
2254
1307
3266
2313
236
468
329
778
1626
727
2478
2406
2243
2148
2638
3206
3649
1970
1247
1204
1167
441
2877
1193
298
1780
1786
2204
1413
1348
1274
3183
1504
512
2873
1561
934
1156
3353
525
2128
1036
1185
3634
3079
2206
1720
3382
3662
2533
2722
544
1665
2344
3628
1611
1164
1182
3469
2022
3284
3077
3412
3698
2644
282
1136
439
2726
2330
227
2764
3687
2863
2854
184
2710
3180
15
3513
408
1404
3594
3321
1578
2622
3071
3124
2975
2715
1289
3216
3509
1488
2427
2253
576
3162
596
2034
138
662
3225
1162
374
1659
1708
1210
1706
777
2534
3563
1733
3072
2504
2137
110
620
1623
1157
2687
2054
825
3294
2217
3221
713
1614
1527
1149
2484
3636
3042
988
2738
689
3576
1900
2662
3554
493
1287
878
765
2000
1403
3603
36
3051
1246
3539
2769
3044
3584
2568
3008
3168
3111
2305
2132
1197
418
2347
16
681
3308
2383
1132
886
2969
2987
2548
908
2027
2526
2596
2735
3492
2068
2928
109
458
3500
897
2855
2666
445
1743
1079
2193
3114
991
1983
1288
1573
2447
1763
1985
702
2650
3421
2074
3374
3363
2778
1997
3056
734
202
392
3105
299
1430
603
3541
2261
2380
2388
3164
1784
2174
1192
3443
3091
2142
436
190
3171
1605
2991
1381
1175
1989
1584
1151
1088
3358
3658
1091
210
1043
2555
1161
3101
1897
1555
3113
2171
130
247
919
2559
3485
2063
2699
1723
146
1808
3118
956
2690
2864
2652
3184
2892
2070
1981
2342
3313
3192
573
3063
3054
5
1634
3157
3088
2017
278
1960
522
1729
2016
3602
559
1114
3119
3161
3061
2199
997
3688
100
2222
1734
1489
1770
2248
690
1001
1455
3468
1003
1085
1876
2808
3252
164
1707
300
1173
1094
3625
257
1340
1146
253
2813
760
1078
1499
2576
2058
725
3002
237
1380
3170
1391
2177
3327
1942
1069
235
1441
2763
3459
1700
2641
2327
959
2015
2194
2066
1652
3016
1326
2978
292
2240
3438
2706
3367
3447
2921
1635
316
861
2278
2168
1557
700
2609
2370
2792
3350
3110
1639
3546
3212
3248
1748
1423
659
2570
423
2116
2879
2881
204
0
1903
874
3446
161
59
2649
2619
1266
865
2682
1362
3454
2842
3715
1505
2107
1144
3283
1530
704
831
2433
2513
3570
1510
1152
2354
2418
2040
2718
1361
2326
1944
504
1931
448
2904
2629
3010
428
342
3568
1174
1062
345
2239
199
3524
2639
1591
3593
114
2091
507
587
2927
653
3411
1454
447
2788
2516
1213
2814
516
1972
2734
1200
655
3246
992
1894
3709
2362
24
1218
1178
1822
1290
1083
1498
2681
3637
1126
3030
1514
3109
3144
2624
2452
2457
3442
2564
3018
3582
2748
147
3359
1856
120
2803
3389
2196
1559
2282
242
160
728
839
2419
1267
902
1692
1978
2112
2154
909
239
1669
2483
2793
2850
2866
3134
652
453
429
1364
1073
2023
3648
1448
2611
3559
214
1610
1039
2653
1252
2
3296
939
330
1339
842
535
1365
1650
2364
1317
2398
3349
3027
804
2669
168
1444
3073
2627
1417
2304
2621
416
47
94
1851
103
1949
101
2590
348
3706
3220
1074
881
716
853
1735
2531
99
430
791
2401
3208
2114
478
845
2106
315
3632
588
2720
1759
420
1674
81
3297
3281
2524
397
2776
1209
643
2086
401
1682
438
3501
569
1201
1226
470
465
1750
745
1130
1699
2321
684
3528
1805
1760
933
2953
2339
1319
301
2853
293
3573
2075
3413
2965
2441
3193
2008
748
2453
2774
787
2602
2743
3289
1641
1838
113
490
135
2490
547
3455
2211
1776
2308
3179
308
213
782
3011
1414
121
481
3250
2272
3153
3319
1877
1096
3253
1988
2785
694
1631
1206
1862
2409
1936
986
542
1312
241
1124
625
2625
134
3575
1465
2757
1781
3598
860
1410
319
2567
1625
898
1934
974
1432
2286
2301
2431
2487
405
108
3381
3708
3383
2320
2238
3336
2026
27
2986
1402
2922
3717
267
3136
2048
2582
1147
3451
3453
371
2318
3398
1508
7
3022
2846
156
104
2739
2145
3481
2097
3502
1012
2349
3148
2849
2293
2322
50
2640
3323
3427
2782
3618
530
2538
1398
2704
1429
197
523
640
2384
3408
2062
1600
2905
1571
1615
1303
1350
2661
594
2816
46
2712
870
2325
1646
550
1337
2333
1422
497
310
2597
2594
3547
710
208
3138
444
3613
598
1553
1111
1443
792
1214
1458
715
951
1262
718
3462
617
609
650
189
3644
1509
645
1428
1869
2390
2099
274
1113
389
936
2269
2053
2967
1080
546
2080
1369
3081
931
1205
1946
2486
2340
2736
3249
2448
1909
158
2280
2767
2672
1142
2982
2085
2237
2115
1382
586
1170
2460
3373
838
1376
2077
2701
487
3117
1219
3131
1532
1067
2749
540
783
3553
2508
3516
2038
3285
314
1831
962
3663
1072
2528
2678
2343
427
2781
1058
574
2617
796
1301
2246
195
118
2560
1032
3310
1171
2423
480
1971
3215
193
1372
2479
1224
1606
2275
3599
1823
2120
1392
2886
450
742
2998
1053
2267
128
119
1864
3489
1477
515
1046
3229
3329
1744
3639
692
3187
1120
2004
621
626
3251
2428
1749
2374
2552
538
3579
1928
1826
811
3331
3448
460
23
2357
1710
567
2095
3357
1294
3320
906
3518
1721
1995
477
1354
393
76
2450
2647
3207
286
1598
2547
2968
2916
3482
2585
3116
163
290
3305
2876
1858
3064
1644
1445
259
2514
1433
2221
21
2656
901
2993
414
1916
1345
3028
2946
2072
3620
1728
1529
3142
3679
982
2219
306
132
2328
1269
1408
1943
822
219
2104
474
2147
677
1292
1474
173
696
1159
3003
2315
243
2643
2688
2140
1374
1811
1890
1249
1607
2985
657
3080
1958
2795
3488
2762
3486
1049
2658
3505
2686
246
3152
2274
1038
850
1919
230
25
3536
3566
1452
2840
1030
1887
1006
2615
3326
1875
3642
1245
3617
151
3473
667
3013
1977
1434
1515
2071
1638
1545
593
2081
1685
1711
1513
3186
688
1868
1299
3641
968
318
630
1344
2700
2685
3506
3050
2050
3146
3123
2742
503
2382
984
2019
2224
3200
1331
3520
622
3470
3339
1651
719
1925
2537
3242
635
2737
126
1586
3435
768
1497
1220
651
2536
2003
1031
1654
1795
3437
2005
1827
2740
705
2069
1581
1704
3627
2307
786
843
2898
367
577
608
2932
3676
2930
2869
344
188
913
1613
2414
1228
1367
1848
33
2218
1370
2371
1248
2359
2451
1217
701
1632
981
3556
258
1044
1965
2051
2592
1587
9
2893
3386
726
1588
2207
2851
1394
950
1930
3254
1103
